8888,1,1,1,1,1,1
6666,1,1,1,1,1,0
7777,1,1,1,1,0,1
1111,1,1,1,0,1,1
5432,1,1,1,1,1,1
1111,1,1,1,1,1,1
25145134514,1,1,0,1,1,1
4321,1,1,1,1,1,0
1111,1,1,1,0,1,1
5555,1,0,1,0,0,1
1111,1,1,1,1,0,1
2222,1,1,1,1,1,1
3333,1,1,1,1,1,1
4444,1,1,0,1,1,1
1111,1,1,1,1,1,1
2222,1,1,0,1,1,1
3333,1,1,1,1,1,1
1111,1,1,1,1,1,1
5432,1,1,1,1,1,1
1234,1,1,1,1,1,1
Broj Šasije:5555,1,1,1,1,1,1
Broj Šasije:5555,1,0,1,1,1,1
Broj Šasije:4444,1,1,1,1,1,1
Broj Šasije:5555,1,1,1,1,1,1
Broj Šasije:1112,1,1,1,1,1,1
Broj Šasije:1112,1,1,1,1,1,1
Broj Šasije:1111,1,0,1,1,1,1
Broj Šasije:1112,1,0,1,1,1,0
Broj Šasije:1111,1,1,1,1,1,1
Broj Šasije:1111,0,1,1,1,1,1
Broj Šasije:1112,1,1,1,1,1,1
Broj Šasije:1112,1,1,1,1,0,1
Broj Šasije:1112,0,1,1,1,1,1
Broj Šasije:1112,1,0,1,1,1,1
Broj Šasije:1112,1,1,1,1,1,1
Broj Šasije:1112,1,1,0,1,0,1
Broj Šasije:1112,1,1,1,1,0,1
Broj Šasije:1112,1,0,1,1,1,1
Broj Šasije:1112,0,1,1,1,1,1
Broj Šasije:1112,0,1,1,1,1,1
Broj Šasije:1112,1,1,1,0,1,1
Broj Šasije:1111,0,1,1,1,1,1
Broj Šasije:1111,1,1,1,1,1,0
Broj Šasije:1111,1,1,1,1,1,0
Broj Šasije:1111,1,1,1,1,1,1
Broj Šasije:1111,1,1,1,0,1,1
Broj Šasije:1111,1,1,1,0,1,1
Broj Šasije:1111,1,1,1,1,1,1
1111,1,1,1,1,0,1
1112,1,1,1,1,1,1
1111,1,1,1,1,1,1
3333,1,1,1,1,1,1
1111,1,1,1,1,1,1
5555,1,1,1,1,1,1
1111,1,1,1,1,1,1
5555,1,1,1,1,1,1
654654,1,1,0,1,1,1
654654,1,0,0,1,1,1
7654,1,1,1,1,1,1
